===== Intrinsic Parameters (Camera 1) =====
Focal Lengths: fx=712.6531024751379, fy=529.6422701674121
Principal Point: cx=460.51975570155275, cy=248.31132556434096
Skew Coefficient: s=0.0
Distortion Coefficients: [ 0.10104244 -0.19408541 -0.00507023 -0.00268445  0.1330503 ]

===== Intrinsic Parameters (Camera 2) =====
Focal Lengths: fx=718.4228942628773, fy=533.6869717593718
Principal Point: cx=461.6806928810331, cy=254.05575033327324
Skew Coefficient: s=0.0
Distortion Coefficients: [ 0.10282273 -0.14423611 -0.00509953 -0.00354816  0.07460989]

===== Extrinsic Parameters =====
Rotation Matrix (R):
[[ 0.99929501 -0.00659647  0.03695893]
 [ 0.00719171  0.9998462  -0.01599554]
 [-0.03684773  0.01625006  0.99918876]]
Translation Vector (T):
[[61.61343959]
 [-4.10375733]
 [ 7.68237631]]
Baseline (B): 62.226004761747625 mm

===== Essential and Fundamental Matrices =====
Essential Matrix (E):
[[  0.09596474  -7.74788108  -3.97754442]
 [  9.9472756   -1.05189892 -61.279524  ]
 [  4.54397     61.57689307  -0.83386995]]

Fundamental Matrix (F):
[[-4.92054900e-07  5.34540187e-05  1.48769530e-03]
 [-6.86593340e-05  9.76933468e-06  3.30624896e-01]
 [ 9.31934027e-04 -3.32368249e-01  1.00000000e+00]]

===== Rectification Parameters =====
Rectification Rotation Matrix (Camera 1, R1):
[[-0.98443427  0.07046441 -0.16100909]
 [-0.07249066 -0.99734633  0.00673794]
 [-0.16010704  0.01830472  0.98692992]]
Rectification Rotation Matrix (Camera 2, R2):
[[-0.9901558   0.06594923 -0.12345926]
 [-0.06561156 -0.99782205 -0.00680335]
 [-0.12363904  0.00136398  0.99232632]]
Projection Matrix (Camera 1, P1):
[[531.66462096   0.         605.55863571   0.        ]
 [  0.         531.66462096 293.89305687   0.        ]
 [  0.           0.           1.           0.        ]]
Projection Matrix (Camera 2, P2):
[[ 5.31664621e+02  0.00000000e+00  6.05558636e+02 -3.30833652e+04]
 [ 0.00000000e+00  5.31664621e+02  2.93893057e+02  0.00000000e+00]
 [ 0.00000000e+00  0.00000000e+00  1.00000000e+00  0.00000000e+00]]
Disparity-to-Depth Mapping Matrix (Q):
[[ 1.00000000e+00  0.00000000e+00  0.00000000e+00 -6.05558636e+02]
 [ 0.00000000e+00  1.00000000e+00  0.00000000e+00 -2.93893057e+02]
 [ 0.00000000e+00  0.00000000e+00  0.00000000e+00  5.31664621e+02]
 [ 0.00000000e+00  0.00000000e+00  1.60704516e-02 -0.00000000e+00]]

===== Reprojection Error Metrics =====
Mean Reprojection Error (Camera 1): 0.037679208208102395
Mean Reprojection Error (Camera 2): 0.03757490820617397
