===== Intrinsic Parameters (Camera 1) =====
Focal Lengths: fx=710.4100874606582, fy=528.2499934484098
Principal Point: cx=468.94764633500836, cy=252.79715636219024
Skew Coefficient: s=0.0
Distortion Coefficients: [ 9.81036720e-02 -9.80130347e-02 -3.57584361e-03 -2.17177879e-05
  9.46679703e-03  0.00000000e+00  0.00000000e+00  0.00000000e+00
  0.00000000e+00  0.00000000e+00  0.00000000e+00  0.00000000e+00
  0.00000000e+00  0.00000000e+00]

===== Intrinsic Parameters (Camera 2) =====
Focal Lengths: fx=703.6443048866836, fy=522.9643451152596
Principal Point: cx=467.6269932739785, cy=249.8231706309644
Skew Coefficient: s=0.0
Distortion Coefficients: [ 0.09389968 -0.16587944 -0.00175688  0.00070145  0.10753297  0.
  0.          0.          0.          0.          0.          0.
  0.          0.        ]

===== Extrinsic Parameters =====
Rotation Matrix (R):
[[ 0.99810705  0.00223961 -0.06145976]
 [-0.00120971  0.99985832  0.01678938]
 [ 0.06148866 -0.01668325  0.99796834]]
Translation Vector (T):
[[-28.40712657]
 [ -2.58571181]
 [-13.33194219]]
Baseline (B): 31.48636892359794 mm

===== Essential and Fundamental Matrices =====
Essential Matrix (E):
[[ -0.17511969  13.37319135  -2.35662351]
 [-11.55998946  -0.50378144  29.16879103]
 [  2.61518148 -28.39731078  -0.63585522]]

Fundamental Matrix (F):
[[ 4.83535470e-07 -4.96590084e-05  1.69495712e-02]
 [ 4.29469078e-05  2.51701757e-06 -9.77604189e-02]
 [-1.60362373e-02  9.67912846e-02  1.00000000e+00]]

===== Rectification Parameters =====
Rectification Rotation Matrix (Camera 1, R1):
[[ 0.92643228  0.07706656  0.36848878]
 [-0.08724563  0.99612592  0.01101571]
 [-0.36621228 -0.04235435  0.92956693]]
Rectification Rotation Matrix (Camera 2, R2):
[[ 0.90220395  0.08212163  0.42341949]
 [-0.08552657  0.99627528 -0.0109899 ]
 [-0.42274488 -0.02629849  0.90586708]]
Projection Matrix (Camera 1, P1):
[[525.60716928   0.         107.42533255   0.        ]
 [  0.         525.60716928 250.54165268   0.        ]
 [  0.           0.           1.           0.        ]]
Projection Matrix (Camera 2, P2):
[[ 5.25607169e+02  0.00000000e+00  1.07425333e+02 -1.65494612e+04]
 [ 0.00000000e+00  5.25607169e+02  2.50541653e+02  0.00000000e+00]
 [ 0.00000000e+00  0.00000000e+00  1.00000000e+00  0.00000000e+00]]
Disparity-to-Depth Mapping Matrix (Q):
[[ 1.00000000e+00  0.00000000e+00  0.00000000e+00 -1.07425333e+02]
 [ 0.00000000e+00  1.00000000e+00  0.00000000e+00 -2.50541653e+02]
 [ 0.00000000e+00  0.00000000e+00  0.00000000e+00  5.25607169e+02]
 [ 0.00000000e+00  0.00000000e+00  3.17597752e-02 -0.00000000e+00]]

===== Reprojection Error Metrics =====
Mean Reprojection Error (Camera 1): 0.051356674052084765
Mean Reprojection Error (Camera 2): 0.05505605465814676
