===== Intrinsic Parameters (Camera 1) =====
Focal Lengths: fx=625.6364830765051, fy=464.96381583512095
Principal Point: cx=459.3979277173184, cy=282.6566637438157
Skew Coefficient: s=0.0
Distortion Coefficients: [ 0.11387928 -0.29751107  0.00714682 -0.0058239   0.2396727 ]

===== Intrinsic Parameters (Camera 2) =====
Focal Lengths: fx=597.0480494690979, fy=452.8535334718305
Principal Point: cx=455.2741290124942, cy=220.6196455110865
Skew Coefficient: s=0.0
Distortion Coefficients: [ 0.07294596 -0.04640554 -0.01748754 -0.00981979  0.00560983]

===== Extrinsic Parameters =====
Rotation Matrix (R):
[[ 0.97238168 -0.0449519  -0.22902662]
 [ 0.00359781  0.98404788 -0.17786742]
 [ 0.23336864  0.17213102  0.95703186]]
Translation Vector (T):
[[552.65587444]
 [495.97878766]
 [ -4.63378267]]
Baseline (B): 742.5933916389473 mm

===== Essential and Fundamental Matrices =====
Essential Matrix (E):
[[ 115.76256713   89.93320076  473.84330448]
 [-133.47835576  -94.9209244  -527.84802183]
 [-480.29233591  566.13503112   15.29287323]]

Fundamental Matrix (F):
[[-6.23352466e-06 -6.51611128e-06 -1.12577973e-02]
 [ 9.47606223e-06  9.06738225e-06  1.65286410e-02]
 [ 1.61885366e-02 -2.35243316e-02  1.00000000e+00]]

===== Rectification Parameters =====
Rectification Rotation Matrix (Camera 1, R1):
[[-0.72461661 -0.62271808  0.29521681]
 [ 0.64947225 -0.76032404 -0.00965102]
 [ 0.23047031  0.18474183  0.95538154]]
Rectification Rotation Matrix (Camera 2, R2):
[[-0.74422407 -0.66790089  0.00624   ]
 [ 0.66792327 -0.74414199  0.01145476]
 [-0.0030072   0.01269275  0.99991492]]
Projection Matrix (Camera 1, P1):
[[458.90867465   0.         401.95503139   0.        ]
 [  0.         458.90867465 279.62757635   0.        ]
 [  0.           0.           1.           0.        ]]
Projection Matrix (Camera 2, P2):
[[ 4.58908675e+02  0.00000000e+00  4.01955031e+02 -3.40782549e+05]
 [ 0.00000000e+00  4.58908675e+02  2.79627576e+02  0.00000000e+00]
 [ 0.00000000e+00  0.00000000e+00  1.00000000e+00  0.00000000e+00]]
Disparity-to-Depth Mapping Matrix (Q):
[[ 1.00000000e+00  0.00000000e+00  0.00000000e+00 -4.01955031e+02]
 [ 0.00000000e+00  1.00000000e+00  0.00000000e+00 -2.79627576e+02]
 [ 0.00000000e+00  0.00000000e+00  0.00000000e+00  4.58908675e+02]
 [ 0.00000000e+00  0.00000000e+00  1.34663197e-03 -0.00000000e+00]]

===== Reprojection Error Metrics =====
Mean Reprojection Error (Camera 1): 0.2873506851519308
Mean Reprojection Error (Camera 2): 0.28252282798510336
